1.300374457636256809e+00 9.726278535906047740e-01
1.411611968668186501e+00 8.822732024190149680e-01
1.485977350021868038e+00 9.634514247658454433e-01
1.547795146941525424e+00 8.077769649364037186e-01
1.602557405665615331e+00 7.401779246279018842e-01
1.652419910575907203e+00 6.723180248303695095e-01
1.698400833984544001e+00 6.616338412964846150e-01
1.741010331255108845e+00 6.348826460744914080e-01
1.780493661144030515e+00 5.463282456390534669e-01
1.816943978358122713e+00 5.013627348881988244e-01
1.850362109593653104e+00 4.483167710869779832e-01
1.880691833874986063e+00 3.833010981548381491e-01
1.907842719629085249e+00 2.672821730085219727e-01
1.931706120576329955e+00 2.233562376202156141e-01
1.952167107609601437e+00 1.893336104734926195e-01
1.969113764556889912e+00 7.211303697391002743e-02
1.982444587020782745e+00 8.648016549956527577e-02
1.992074355824807963e+00 2.814771186463849162e-02
1.997938656999682427e+00 1.630538350460453145e-02
1.999997114612472870e+00 3.910112349183592073e-04
