1.000000000000000000e+00 7.976644307687257018e-02 2.528652375787830309e+00
2.000000000000000000e+00 8.862938119652510882e-03 4.725876953124049429e+00
2.000000000000000000e+00 4.923854510918063143e-03 5.824489241792161209e+00
3.000000000000000000e+00 6.929869311662478770e-04 7.655509722905679659e+00
3.000000000000000000e+00 3.610826641339914041e-03 6.190693338014862768e+00
6.000000000000000000e+00 1.698020609114954393e-03 8.387917915351081888e+00
1.600000000000000000e+01 8.442823235456139302e-04 9.120326107796492110e+00
2.400000000000000000e+01 2.544104068284078202e-04 9.669632252130526240e+00
9.000000000000000000e+00 1.098709407555736352e-03 1.131755068513269435e+01
6.300000000000000000e+01 2.490858856743322319e-04 1.138730384631798387e+01
9.000000000000000000e+00 4.876574700799403699e-04 8.387917915351131626e+00
1.190000000000000000e+02 1.188343248554543663e-04 1.272082016309536101e+01
1.800000000000000000e+01 3.249548854179958317e-04 9.242394139870814485e+00
2.380000000000000000e+02 6.193245912580397426e-05 1.383789652384186830e+01
1.600000000000000000e+01 3.518968724538079629e-04 9.257652643880021515e+00
4.960000000000000000e+02 3.477105341875135895e-05 1.478615319330652333e+01
4.000000000000000000e+00 7.659329239205758810e-04 7.472407674793885235e+00
2.520000000000000000e+02 3.828259641394473104e-05 1.361940500424677936e+01
7.680000000000000000e+02 1.654650037927579868e-05 1.644154706274833089e+01
3.200000000000000000e+01 2.228530097572161556e-04 1.028760166450683755e+01
9.920000000000000000e+02 1.049313987255683286e-05 1.588919537023509143e+01
1.024000000000000000e+03 1.045162361549694134e-05 1.790707869001434460e+01
6.400000000000000000e+01 1.374846012843298354e-04 1.135188231915390134e+01
1.088000000000000000e+03 9.122275727483932403e-06 1.584326785224262757e+01
2.944000000000000000e+03 4.299255820401614640e-06 1.881528101935050401e+01
3.400000000000000000e+01 2.161804203086461844e-04 1.021893839647236746e+01
9.900000000000000000e+02 1.029328967203366194e-05 1.590286985360082461e+01
7.168000000000000000e+03 2.417320444215558204e-06 1.947836401136692430e+01
4.000000000000000000e+00 7.659329239206036366e-04 7.472407674795249477e+00
2.520000000000000000e+02 3.828259641392831893e-05 1.361940500423952471e+01
3.071000000000000000e+03 3.174064306109277134e-06 1.754647845141884943e+01
1.305700000000000000e+04 1.247112768926501615e-06 2.083762313772743013e+01
8.000000000000000000e+00 5.349372801985163850e-04 8.296366891285288148e+00
3.160000000000000000e+02 2.989537934904328131e-05 1.363993362445992830e+01
3.774000000000000000e+03 2.648461116552824217e-06 1.828299711947893869e+01
1.843000000000000000e+04 5.428649439531576151e-07 2.071828602815957154e+01
1.024100000000000000e+04 1.006226014577733140e-06 2.340003306699859209e+01
1.280000000000000000e+02 7.638033404685487179e-05 1.245049460782138340e+01
1.923000000000000000e+03 5.170955487936906653e-06 1.709226364085634486e+01
1.433200000000000000e+04 7.088110953829986598e-07 2.058032711117997238e+01
4.915200000000000000e+04 3.451702538530721112e-07 2.303603706160300035e+01
4.000000000000000000e+00 7.659329239205897588e-04 7.472407674882560968e+00
2.540000000000000000e+02 3.884272549045948139e-05 1.358397918616377531e+01
3.838000000000000000e+03 2.754848468282761544e-06 1.820692029525877587e+01
1.331600000000000000e+04 7.019943369507674912e-07 2.061103841754140475e+01
5.545100000000000000e+04 1.801502599581598268e-07 2.282897710504846955e+01
5.820900000000000000e+04 1.770162509680359004e-07 2.497345487548292553e+01
1.270000000000000000e+02 7.612018715642395405e-05 1.247671640703205220e+01
1.921000000000000000e+03 5.568726008206283063e-06 1.709827583550026020e+01
1.028800000000000000e+04 9.070846552485078118e-07 1.986447237646918751e+01
5.320000000000000000e+04 1.927565680188615491e-07 2.298683695025964369e+01
1.310720000000000000e+05 7.441305608334085282e-08 2.450091491263496124e+01
6.553700000000000000e+04 1.576022709721919491e-07 2.669775393525308615e+01
1.270000000000000000e+02 7.612018715642482141e-05 1.247671640703938678e+01
1.924000000000000000e+03 5.225138457606103124e-06 1.708812022217977145e+01
1.433200000000000000e+04 7.088110953830063889e-07 2.058032711118003633e+01
4.918400000000000000e+04 2.008784839954440639e-07 2.302921692656607533e+01
1.965760000000000000e+05 5.304281165092974199e-08 2.523538162729365553e+01
2.621440000000000000e+05 5.508105170239581313e-08 2.669811434472927658e+01
1.600000000000000000e+01 3.518968724538149018e-04 9.257652643835172057e+00
4.970000000000000000e+02 1.906980737899888586e-05 1.477917411381479873e+01
3.967000000000000000e+03 2.505339576058906440e-06 1.816068394779727058e+01
2.828800000000000000e+04 3.578134706461557885e-07 2.175172653255090793e+01
9.830400000000000000e+04 1.027158508295333821e-07 2.413469405291944625e+01
1.638400000000000000e+05 5.989085136080096860e-08 2.516007893313706134e+01
7.536640000000000000e+05 2.364654558334630390e-08 2.760566617763816666e+01
3.000000000000000000e+00 6.929869311662247835e-04 7.655509725213050842e+00
2.530000000000000000e+02 4.202365691105646296e-05 1.359293740157317743e+01
2.368000000000000000e+03 3.981834528012227379e-06 1.713908235667071978e+01
1.392200000000000000e+04 7.181621415548240017e-07 2.066861778807824734e+01
5.103800000000000000e+04 1.974233579141609486e-07 2.290117503951377742e+01
1.946240000000000000e+05 5.104316131597095445e-08 2.529496253930614458e+01
3.276160000000000000e+05 3.059188138294831901e-08 2.626116734071177561e+01
1.507327000000000000e+06 6.611817482784236968e-09 2.870429728959447857e+01
3.000000000000000000e+00 3.610826641339900164e-03 6.190693338712056182e+00
1.350000000000000000e+02 6.792703953157239421e-05 1.239174936733864030e+01
1.943000000000000000e+03 5.155666776333077290e-06 1.705770094481805543e+01
1.430800000000000000e+04 7.022046147485243221e-07 2.059233231588610735e+01
4.927700000000000000e+04 2.017765598639758388e-07 2.301509508958126915e+01
1.964790000000000000e+05 5.101610312885516645e-08 2.524028453333334099e+01
2.785280000000000000e+05 3.586827962342268157e-08 2.643963360608086077e+01
8.028160000000000000e+05 1.243187427297739215e-08 2.746042786775433342e+01
2.850801000000000000e+06 3.506172943865685457e-09 2.994336093796436415e+01
1.700000000000000000e+01 6.372047014129235583e-04 4.156170075079973714e+01
1.350000000000000000e+02 6.792703953157239421e-05 1.239174936744901956e+01
1.943000000000000000e+03 5.155666776333077290e-06 1.705770094480271482e+01
1.430800000000000000e+04 7.022046147485243221e-07 2.059233231588818924e+01
4.927700000000000000e+04 2.017765598639758388e-07 2.301509508958066519e+01
1.964790000000000000e+05 5.101610312885516645e-08 2.524028453333349375e+01
2.785280000000000000e+05 3.586827962342268157e-08 2.643963360608070090e+01
8.028160000000000000e+05 1.243187427297739215e-08 2.746042786775429789e+01
2.850720000000000000e+06 3.506272567823300484e-09 2.994291438562513719e+01
4.194399000000000000e+06 2.384131790991750293e-09 3.109291342958507798e+01
