1.300374457636256809e+00 9.700203631796753267e-01
1.363348637267217889e+00 2.735319141223619965e-01
1.409429308686831250e+00 2.715846415683491055e-01
1.448147920669647704e+00 4.709730227270387259e-01
1.482543659427654648e+00 6.470312287965335196e-01
1.514015472794009609e+00 7.771075873866172268e-01
1.543330307944422497e+00 8.557043680181670720e-01
1.570954304999763185e+00 9.695850025296083308e-01
1.597190283593381555e+00 1.249546904377587531e+00
1.622243926552665361e+00 1.256453763152731273e+00
1.646259122595691959e+00 1.293300642130315925e+00
1.669338359370784008e+00 1.351610153530763636e+00
1.691555224037058158e+00 1.353229479737606988e+00
1.712962450244778889e+00 1.416810917453228846e+00
1.733597314015194790e+00 1.450387018742186118e+00
1.753485380721887754e+00 1.489521233853741355e+00
1.772643188240145440e+00 1.531069156473575665e+00
1.791080222089400875e+00 1.582071795070530307e+00
1.808800406638642500e+00 1.621947730733118487e+00
1.825803257747736330e+00 1.702079635477420139e+00
1.842084793611269866e+00 1.696228036443310883e+00
1.857638269652636787e+00 1.781867058916205782e+00
1.872454783126896505e+00 1.838041765742891132e+00
1.886523779595591366e+00 1.864549174230584860e+00
1.899833484223813596e+00 1.913443787556497577e+00
1.912371274439962576e+00 1.936755414664878661e+00
1.924124005962407402e+00 1.966906366300612330e+00
1.935078300938201767e+00 2.008143292745309783e+00
1.945220804566671458e+00 2.049592747190196018e+00
1.954538414835091942e+00 2.076968194583916905e+00
1.963018488698652808e+00 2.101591256211539083e+00
1.970649027071237569e+00 2.140392796246865181e+00
1.977418840272588962e+00 2.166893955499866742e+00
1.983317695041038053e+00 2.183212121142113826e+00
1.988336443825748256e+00 2.212911537693418751e+00
1.992467136786450377e+00 2.245341138024912642e+00
1.995703116727898463e+00 2.247449012420966952e+00
1.998039097062248359e+00 2.260182386726185211e+00
1.999471222810548676e+00 2.267685004599161225e+00
1.999997114612472870e+00 2.286186167201682107e+00
