2.000000000000000000e+00 2.999999999999999889e-01 -1.559688597324167869e+00 -5.579270536588171181e-01 -4.046547617038497857e-01
2.000000000000000000e+00 4.071428571428571397e-01 -1.583917414615116703e+00 -5.822448571317365706e-01 -4.186496809513334805e-01
2.000000000000000000e+00 5.142857142857142350e-01 -1.544983933857803748e+00 -5.436405370282030303e-01 -4.231288099249013723e-01
2.000000000000000000e+00 6.214285714285714413e-01 -1.550737398737980444e+00 -5.498249772431084148e-01 -4.319259130381420952e-01
2.000000000000000000e+00 7.285714285714285365e-01 -1.520254277575905810e+00 -5.195094540303217823e-01 -4.085895468735751268e-01
2.000000000000000000e+00 8.357142857142856318e-01 -1.579027541705235294e+00 -5.782932765042396728e-01 -4.849930652133318532e-01
2.000000000000000000e+00 9.428571428571428381e-01 -1.588968014544990037e+00 -5.884268013454994062e-01 -5.607336482414383427e-01
2.000000000000000000e+00 1.050000000000000044e+00 -1.607702754006103962e+00 -6.072140733776213439e-01 -5.791373183743517838e-01
2.000000000000000000e+00 1.157142857142857029e+00 -1.604662048505123506e+00 -6.042433409159496671e-01 -6.062785836463373546e-01
2.000000000000000000e+00 1.264285714285714235e+00 -1.609404753258896204e+00 -6.090938388009491389e-01 -5.664831711085455135e-01
2.000000000000000000e+00 1.371428571428571441e+00 -1.620403720160763950e+00 -6.199859638632156944e-01 -6.244698773598997832e-01
2.000000000000000000e+00 1.478571428571428648e+00 -1.608235233738829262e+00 -6.079096998156259257e-01 -5.936428090359300302e-01
2.000000000000000000e+00 1.585714285714285632e+00 -1.591561829229536151e+00 -5.914345237565872271e-01 -5.718359507018729859e-01
2.000000000000000000e+00 1.692857142857142616e+00 -1.589016134202063224e+00 -5.889564867085559374e-01 -6.135830402604982581e-01
2.000000000000000000e+00 1.800000000000000044e+00 -1.625628806444698871e+00 -6.254833014831470139e-01 -6.391807638419401139e-01
