2.999999999999999889e-01 1.600000000000000000e+01 2.000000000000000042e-02 6.028265272257756990e+00 7.496876301541025023e-02 1.010019253049671689e-01 1.267605633802816989e+00 1.959928585598095518e-01
2.999999999999999889e-01 1.600000000000000000e+01 1.000000000000000021e-02 6.028265272257756990e+00 3.397612488521579294e-02 4.220854508858515319e-02 1.160278745644599319e+00 1.345894693391931629e-01
2.999999999999999889e-01 1.600000000000000000e+01 2.000000000000000042e-03 6.028265272257756990e+00 5.441745213874643258e-03 5.452293104185125354e-03 1.003703703703703765e+00 3.689986282578875364e-03
2.999999999999999889e-01 1.950000000000000000e+01 2.000000000000000042e-02 1.035233984409852148e+01 1.370262390670553831e-01 1.948847844010574148e-01 1.365145228215767670e+00 2.650092112739105277e-01
2.999999999999999889e-01 1.950000000000000000e+01 1.000000000000000021e-02 1.035233984409852148e+01 6.203448627691052208e-02 8.267350600384025527e-02 1.245901639344262346e+00 1.854340231120666371e-01
2.999999999999999889e-01 1.950000000000000000e+01 2.000000000000000042e-03 1.035233984409852148e+01 9.742932759306188392e-03 1.059579537883752892e-02 1.051126516464471417e+00 4.851259577867954309e-02
2.999999999999999889e-01 2.200000000000000000e+01 2.000000000000000042e-02 1.523534039963669784e+01 2.178259058725530994e-01 3.319771142143501108e-01 1.456824512534818927e+00 4.152667965021997198e-01
2.999999999999999889e-01 2.200000000000000000e+01 1.000000000000000021e-02 1.523534039963669784e+01 9.856137128864402019e-02 1.374135001872431316e-01 1.298387096774193505e+00 2.523629899410336219e-01
2.999999999999999889e-01 2.200000000000000000e+01 2.000000000000000042e-03 1.523534039963669784e+01 1.593567897317681517e-02 1.824397181470931162e-02 1.087421211290764633e+00 7.977874310722009310e-02
2.999999999999999889e-01 2.550000000000000000e+01 2.000000000000000042e-02 2.719778865570406978e+01 4.039983340274885260e-01 6.689386155740676410e-01 1.632996632996633002e+00 6.969583602580234905e-01
2.999999999999999889e-01 2.550000000000000000e+01 1.000000000000000021e-02 2.719778865570406978e+01 1.816141210080604029e-01 2.737197086629580833e-01 1.422861710631494914e+00 3.783422502605429116e-01
2.999999999999999889e-01 2.550000000000000000e+01 2.000000000000000042e-03 2.719778865570406978e+01 2.949787350251605392e-02 3.686867972065983184e-02 1.162183544303797555e+00 1.361964979570581546e-01
2.999999999999999889e-01 2.900000000000000000e+01 2.000000000000000042e-02 4.101670154757669451e+01 6.314035818408996192e-01 1.149850966234567284e+00 1.864698646986469921e+00 1.096084687784147249e+00
2.999999999999999889e-01 2.900000000000000000e+01 1.000000000000000021e-02 4.101670154757669451e+01 2.924191409039894052e-01 4.693323887531034022e-01 1.534261241970021450e+00 5.571773450288641794e-01
2.999999999999999889e-01 2.900000000000000000e+01 2.000000000000000042e-03 4.101670154757669451e+01 4.675081626178208272e-02 6.139241909830319560e-02 1.214121818940341990e+00 1.770346167830076922e-01
2.999999999999999889e-01 3.200000000000000000e+01 2.000000000000000042e-02 6.490561800932326264e+01 1.055393586005830997e+00 2.200596690154612123e+00 2.282882882882883102e+00 1.957815112409707181e+00
2.999999999999999889e-01 3.200000000000000000e+01 1.000000000000000021e-02 6.490561800932326264e+01 4.783185389245995234e-01 9.196656146843668056e-01 1.810038610038610107e+00 1.069706176115442275e+00
2.999999999999999889e-01 3.200000000000000000e+01 2.000000000000000042e-03 6.490561800932326264e+01 7.797960650760438206e-02 1.140431965351217242e-01 1.308599541717212489e+00 3.034049533951262978e-01
2.999999999999999889e-01 3.550000000000000000e+01 2.000000000000000042e-02 1.022701681268858351e+02 1.770928779675135400e+00 5.260312715044283216e+00 3.063400576368875861e+00 5.140072585936267480e+00
2.999999999999999889e-01 3.550000000000000000e+01 1.000000000000000021e-02 1.022701681268858351e+02 8.183858789919395971e-01 2.000890405530624250e+00 2.235507246376811530e+00 2.297657853069006162e+00
2.999999999999999889e-01 3.550000000000000000e+01 2.000000000000000042e-03 1.022701681268858351e+02 1.316902341757663630e-01 2.204840363337594311e-01 1.448365724381625474e+00 5.179169404506236418e-01
2.999999999999999889e-01 3.875000000000000000e+01 2.000000000000000042e-02 1.758080555549747146e+02 3.203248646397334642e+00 1.900408773867476242e+01 4.920665387076135211e+00 2.074226647984481531e+01
2.999999999999999889e-01 3.875000000000000000e+01 1.000000000000000021e-02 1.758080555549747146e+02 1.509131721252933378e+00 6.431734793485141211e+00 3.295677361853832643e+00 8.157895753302129904e+00
2.999999999999999889e-01 3.875000000000000000e+01 2.000000000000000042e-03 1.758080555549747146e+02 2.460632688222135767e-01 5.490407810380800724e-01 1.762911811250179817e+00 1.259513546963069386e+00
2.999999999999999889e-01 4.150000000000000000e+01 2.000000000000000042e-02 3.058644547497160602e+02 5.727613494377342462e+00 4.042393137247929502e+01 7.502454991816693841e+00 3.963460935763055204e+01
2.999999999999999889e-01 4.150000000000000000e+01 1.000000000000000021e-02 3.058644547497160602e+02 2.740536679930619446e+00 1.471310935384792806e+01 4.667245873153778923e+00 1.606460049471581186e+01
2.999999999999999889e-01 4.150000000000000000e+01 2.000000000000000042e-03 3.058644547497160602e+02 4.593877133023562265e-01 1.189487424752390554e+00 2.108456831084568162e+00 1.982412445732846473e+00
2.999999999999999889e-01 4.400000000000000000e+01 2.000000000000000042e-02 5.086207927338932109e+02 9.784673052894627077e+00 1.167212311405025105e+02 1.149363992172211368e+01 1.174652237372712165e+02
2.999999999999999889e-01 4.400000000000000000e+01 1.000000000000000021e-02 5.086207927338932109e+02 4.735333129272523145e+00 4.091474891718528539e+01 6.908454897290860153e+00 4.467828219140129420e+01
2.999999999999999889e-01 4.400000000000000000e+01 2.000000000000000042e-03 5.086207927338932109e+02 8.250488953859622665e-01 3.271366801859023621e+00 2.812947571645694200e+00 5.561645787195539370e+00
2.999999999999999889e-01 4.700000000000000000e+01 2.000000000000000042e-02 7.340984994081221657e+02 1.434194085797584428e+01 2.231671247628495962e+02 1.621233521657250520e+01 2.219478516089104687e+02
2.999999999999999889e-01 4.700000000000000000e+01 1.000000000000000021e-02 7.340984994081221657e+02 6.977859402101826092e+00 7.888605198349721093e+01 9.392940530146958622e+00 8.350429846768982145e+01
2.999999999999999889e-01 4.700000000000000000e+01 2.000000000000000042e-03 7.340984994081221657e+02 1.248597395191183956e+00 6.529614630625061977e+00 3.463818977907015650e+00 1.044112160757103247e+01
2.999999999999999889e-01 4.975000000000000000e+01 2.000000000000000042e-02 1.216438389800019195e+03 2.365972511453561111e+01 8.743652625650044001e+02 2.647110904007455900e+01 9.038418959741306935e+02
2.999999999999999889e-01 4.975000000000000000e+01 1.000000000000000021e-02 1.216438389800019195e+03 1.171349862258953145e+01 2.791065711796991877e+02 1.516164817749603877e+01 3.089886612032150879e+02
2.999999999999999889e-01 4.975000000000000000e+01 2.000000000000000042e-03 1.216438389800019195e+03 2.181802482720952785e+00 2.151644765848211094e+01 5.105066812005487620e+00 3.542156635132182885e+01
2.999999999999999889e-01 5.225000000000000000e+01 2.000000000000000042e-02 1.961145202014081633e+03 3.905456059975010419e+01 2.351156956502054072e+03 4.171263345195729499e+01 2.400302651783792044e+03
2.999999999999999889e-01 5.225000000000000000e+01 1.000000000000000021e-02 1.961145202014081633e+03 1.926956433017038961e+01 7.723628008406988101e+02 2.326734015030183400e+01 8.395840670042928195e+02
2.999999999999999889e-01 5.225000000000000000e+01 2.000000000000000042e-03 1.961145202014081633e+03 3.641037586194432851e+00 5.354031197276007958e+01 7.296580364256798568e+00 8.062095657245114921e+01
2.999999999999999889e-01 5.475000000000000000e+01 2.000000000000000042e-02 3.228572231830494275e+03 6.364014993752603289e+01 6.475657263451072140e+03 6.722393312802464038e+01 6.599406519154348643e+03
2.999999999999999889e-01 5.475000000000000000e+01 1.000000000000000021e-02 3.228572231830494275e+03 3.174808692990511005e+01 2.166635141988566374e+03 3.656439482961221898e+01 2.319216711120255695e+03
2.999999999999999889e-01 5.475000000000000000e+01 2.000000000000000042e-03 3.228572231830494275e+03 6.138031574170384808e+00 1.489594493789010983e+02 1.078630307136404731e+01 2.116273236859255178e+02
2.999999999999999889e-01 5.825000000000000000e+01 2.000000000000000042e-02 5.523663717740339052e+03 1.104114952103290364e+02 1.705883358714377391e+04 1.139716251074806479e+02 1.720312817164965600e+04
2.999999999999999889e-01 5.825000000000000000e+01 1.000000000000000021e-02 5.523663717740339052e+03 5.488348127742067106e+01 6.389329551639507372e+03 6.038538392456219128e+01 6.697605969576446114e+03
2.999999999999999889e-01 5.825000000000000000e+01 2.000000000000000042e-03 5.523663717740339052e+03 1.069812972638664128e+01 4.771291425296025182e+02 1.648011012125711616e+01 6.397137716780489427e+02
2.999999999999999889e-01 6.000000000000000000e+01 2.000000000000000042e-02 9.596009915621809341e+03 1.919716784673052814e+02 6.037408916040640906e+04 1.974824335904027350e+02 6.101891550118989835e+04
2.999999999999999889e-01 6.000000000000000000e+01 1.000000000000000021e-02 9.596009915621809341e+03 9.551443730231609663e+01 2.141417632967266036e+04 1.032921769833388481e+02 2.235455283188217072e+04
2.999999999999999889e-01 6.000000000000000000e+01 2.000000000000000042e-03 9.596009915621809341e+03 1.881400074698495217e+01 1.784650028034408933e+03 2.689314396918431527e+01 2.333744203297659169e+03
2.999999999999999889e-01 6.250000000000000000e+01 2.000000000000000042e-02 1.487842829305773557e+04 3.003431903373594309e+02 1.395171541904048354e+05 3.079094790777113531e+02 1.407021583303007938e+05
2.999999999999999889e-01 6.250000000000000000e+01 1.000000000000000021e-02 1.487842829305773557e+04 1.491119273543515931e+02 4.815727581019205536e+04 1.588528260869565258e+02 4.975583290505671903e+04
2.999999999999999889e-01 6.250000000000000000e+01 2.000000000000000042e-03 1.487842829305773557e+04 2.939186188007277067e+01 4.106317631129648362e+03 3.937675467150182129e+01 5.108127741327565673e+03
2.999999999999999889e-01 6.475000000000000000e+01 2.000000000000000042e-02 2.283722173014864529e+04 4.585797584339858304e+02 3.859851132762432098e+05 4.655602536997885750e+02 3.886107326274197549e+05
2.999999999999999889e-01 6.475000000000000000e+01 1.000000000000000021e-02 2.283722173014864529e+04 2.285155596367717692e+02 1.365587670520513493e+05 2.405930819636910485e+02 1.408704134272723750e+05
2.999999999999999889e-01 6.475000000000000000e+01 2.000000000000000042e-03 2.283722173014864529e+04 4.529254902590752607e+01 1.067157206704474083e+04 5.812746108648592980e+01 1.294959998911107687e+04
2.999999999999999889e-01 6.825000000000000000e+01 2.000000000000000042e-02 3.892383271467246959e+04 7.761253644314869007e+02 8.645701779530637432e+05 7.829735294117647300e+02 8.668368064421651652e+05
2.999999999999999889e-01 6.825000000000000000e+01 1.000000000000000021e-02 3.892383271467246959e+04 3.880377512498724855e+02 3.291141406011669314e+05 4.005010530749789268e+02 3.346933220292196493e+05
2.999999999999999889e-01 6.825000000000000000e+01 2.000000000000000042e-03 3.892383271467246959e+04 7.734339621126019892e+01 2.638206446385179879e+04 9.313426635651866548e+01 3.029770653404234326e+04
2.999999999999999889e-01 7.050000000000000000e+01 2.000000000000000042e-02 6.123778728754364420e+04 1.211349437734277444e+03 1.739782259817468002e+06 1.218454126518642624e+03 1.741329523974383716e+06
2.999999999999999889e-01 7.050000000000000000e+01 1.000000000000000021e-02 6.123778728754364420e+04 6.094295480053056053e+02 7.026351380066215061e+05 6.207668883807940574e+02 7.086685551996089052e+05
2.999999999999999889e-01 7.050000000000000000e+01 2.000000000000000042e-03 6.123778728754364420e+04 1.220009397552620243e+02 6.138905751294209040e+04 1.420850685674730016e+02 6.864143746035103686e+04
4.000000000000000222e-01 9.500000000000000000e+00 2.000000000000000042e-02 6.681168122367569850e+00 8.371511870054143545e-02 8.087182888012960091e-02 1.025510204081632626e+00 2.485943356934609827e-02
4.000000000000000222e-01 9.500000000000000000e+00 1.000000000000000021e-02 6.681168122367569850e+00 3.632282420161207781e-02 3.500347664363086947e-02 1.000000000000000000e+00 0.000000000000000000e+00
4.000000000000000222e-01 9.500000000000000000e+00 2.000000000000000042e-03 6.681168122367569850e+00 5.875478411733286305e-03 5.840957165166541822e-03 1.000000000000000000e+00 0.000000000000000000e+00
4.000000000000000222e-01 1.100000000000000000e+01 2.000000000000000042e-02 9.838689625355929280e+00 1.232819658475635127e-01 1.355720691833074976e-01 1.125475285171102735e+00 1.097312379823331269e-01
4.000000000000000222e-01 1.100000000000000000e+01 1.000000000000000021e-02 9.838689625355929280e+00 5.560657075808590755e-02 5.496320976806887137e-02 1.022514071294559068e+00 2.200718788830261299e-02
4.000000000000000222e-01 1.100000000000000000e+01 2.000000000000000042e-03 9.838689625355929280e+00 8.883498459845541942e-03 8.804581914959464656e-03 1.000000000000000000e+00 0.000000000000000000e+00
4.000000000000000222e-01 1.350000000000000000e+01 2.000000000000000042e-02 1.621159231687047964e+01 2.153269471053727568e-01 3.047380126391179833e-01 1.346354166666666741e+00 3.826429578993055247e-01
4.000000000000000222e-01 1.350000000000000000e+01 1.000000000000000021e-02 1.621159231687047964e+01 9.876543209876542662e-02 1.173752741279864426e-01 1.155131264916467781e+00 1.525452691657030735e-01
4.000000000000000222e-01 1.350000000000000000e+01 2.000000000000000042e-03 1.621159231687047964e+01 1.428508319243697831e-02 1.446656021094092429e-02 1.013679110857794274e+00 1.349199278393442211e-02
4.000000000000000222e-01 1.550000000000000000e+01 2.000000000000000042e-02 2.541965483582585250e+01 3.544356518117451338e-01 5.220221825523553294e-01 1.487762237762237705e+00 5.050949924201673102e-01
4.000000000000000222e-01 1.550000000000000000e+01 1.000000000000000021e-02 2.541965483582585250e+01 1.626364656667687036e-01 2.282172710669493065e-01 1.298045602605863102e+00 3.476509034578615931e-01
4.000000000000000222e-01 1.550000000000000000e+01 2.000000000000000042e-03 2.541965483582585250e+01 2.498785145441182950e-02 2.770481077686695257e-02 1.071650017223561902e+00 6.651629225542511625e-02
4.000000000000000222e-01 1.725000000000000000e+01 2.000000000000000042e-02 4.294808007924396520e+01 6.480633069554352366e-01 1.168518739848955601e+00 1.859020310633213935e+00 1.100793783338971599e+00
4.000000000000000222e-01 1.725000000000000000e+01 1.000000000000000021e-02 4.294808007924396520e+01 2.944597490052035527e-01 4.554830287083954099e-01 1.500780031201248033e+00 5.110498335690057958e-01
4.000000000000000222e-01 1.725000000000000000e+01 2.000000000000000042e-03 4.294808007924396520e+01 4.459018236874550539e-02 6.026447767342226619e-02 1.191820523829969947e+00 2.434753889991244924e-01
4.000000000000000222e-01 1.925000000000000000e+01 2.000000000000000042e-02 6.988109305137371052e+01 1.149521032902957041e+00 2.625290274547205094e+00 2.459893048128342308e+00 2.394558990343828242e+00
4.000000000000000222e-01 1.925000000000000000e+01 1.000000000000000021e-02 6.988109305137371052e+01 5.222936435057646820e-01 1.035953355667175835e+00 1.852026049204052116e+00 1.210737573851106141e+00
4.000000000000000222e-01 1.925000000000000000e+01 2.000000000000000042e-03 6.988109305137371052e+01 8.074264761988907135e-02 1.215885441006347018e-01 1.302981205443940471e+00 3.695763360045093426e-01
4.000000000000000222e-01 2.075000000000000000e+01 2.000000000000000042e-02 1.101121150896644423e+02 1.889212827988338228e+00 6.730749942625945614e+00 3.418236623963827991e+00 6.951679482818442501e+00
4.000000000000000222e-01 2.075000000000000000e+01 1.000000000000000021e-02 1.101121150896644423e+02 8.851137639016426473e-01 2.404105509453448253e+00 2.466590844469718657e+00 2.798784311693258697e+00
4.000000000000000222e-01 2.075000000000000000e+01 2.000000000000000042e-03 1.101121150896644423e+02 1.399231328388239326e-01 2.393963804513336846e-01 1.463108386175618447e+00 5.672884860057648693e-01
4.000000000000000222e-01 2.275000000000000000e+01 2.000000000000000042e-02 1.830619285973052683e+02 3.261557684298209026e+00 1.941930103051258527e+01 4.833950617283950812e+00 2.118045229385764472e+01
4.000000000000000222e-01 2.275000000000000000e+01 1.000000000000000021e-02 1.830619285973052683e+02 1.555045403530252113e+00 6.507759718885361089e+00 3.386136414130193284e+00 7.970427663239663119e+00
4.000000000000000222e-01 2.275000000000000000e+01 2.000000000000000042e-03 1.830619285973052683e+02 2.579186428970164924e-01 5.565276802738453599e-01 1.781865601242994313e+00 1.129377597163654157e+00
4.000000000000000222e-01 2.450000000000000000e+01 2.000000000000000042e-02 3.059359494524486536e+02 5.783840066638900268e+00 5.241933069328845107e+01 7.506486486486486420e+00 5.510076873630386984e+01
4.000000000000000222e-01 2.450000000000000000e+01 1.000000000000000021e-02 3.059359494524486536e+02 2.752780328537904442e+00 1.783062817427276059e+01 4.724216424444055207e+00 2.128675203440717922e+01
4.000000000000000222e-01 2.450000000000000000e+01 2.000000000000000042e-03 3.059359494524486536e+02 4.692430954092554063e-01 1.409394734343202282e+00 2.281669237829287766e+00 2.717748890108191429e+00
4.000000000000000222e-01 2.600000000000000000e+01 2.000000000000000042e-02 4.908100013309432370e+02 9.486880466472303652e+00 1.117008899353160558e+02 1.114929025942241836e+01 1.127398269558865280e+02
4.000000000000000222e-01 2.600000000000000000e+01 1.000000000000000021e-02 4.908100013309432370e+02 4.569125599428629947e+00 4.050111390739589012e+01 6.605014749262537066e+00 4.510032883459071940e+01
4.000000000000000222e-01 2.600000000000000000e+01 2.000000000000000042e-03 4.908100013309432370e+02 7.970409757390533034e-01 3.201786578330707123e+00 2.840109331845046547e+00 5.606441728769798516e+00
4.000000000000000222e-01 2.775000000000000000e+01 2.000000000000000042e-02 7.725787520974948848e+02 1.499042065805914170e+01 2.817695875364995572e+02 1.689765258215962618e+01 2.853914029403337054e+02
4.000000000000000222e-01 2.775000000000000000e+01 1.000000000000000021e-02 7.725787520974948848e+02 7.331190694827058429e+00 9.906815171968079881e+01 9.807944307944307383e+00 1.082452603932947710e+02
4.000000000000000222e-01 2.775000000000000000e+01 2.000000000000000042e-03 7.725787520974948848e+02 1.323785848249605435e+00 8.207334161535785100e+00 3.721663335930178729e+00 1.414983170812983104e+01
4.000000000000000222e-01 2.950000000000000000e+01 2.000000000000000042e-02 1.398546014457278943e+03 2.734360683048729612e+01 1.139918169248166578e+03 2.957297297297297334e+01 1.166928458728999431e+03
4.000000000000000222e-01 2.950000000000000000e+01 1.000000000000000021e-02 1.398546014457278943e+03 1.353423120089786735e+01 3.917235756996326472e+02 1.660811318392387648e+01 4.296400894285316099e+02
4.000000000000000222e-01 2.950000000000000000e+01 2.000000000000000042e-03 1.398546014457278943e+03 2.530592246617483276e+00 2.909951853029262026e+01 5.627026013341549060e+00 4.728198862729590957e+01
4.000000000000000222e-01 3.100000000000000000e+01 2.000000000000000042e-02 2.358007206641058019e+03 4.634735526863806854e+01 2.958666516329010847e+03 4.844579886808881497e+01 2.990963649089716000e+03
4.000000000000000222e-01 3.100000000000000000e+01 1.000000000000000021e-02 2.358007206641058019e+03 2.305938169574533347e+01 1.016207064570255852e+03 2.658569580049405801e+01 1.077859171933812831e+03
4.000000000000000222e-01 3.100000000000000000e+01 2.000000000000000042e-03 2.358007206641058019e+03 4.411697141778547326e+00 7.767633339185324814e+01 8.295703066002113601e+00 1.138410976819555742e+02
4.000000000000000222e-01 3.250000000000000000e+01 2.000000000000000042e-02 3.427651935327395222e+03 6.864473136193252856e+01 5.958337341046116308e+03 7.101077121930202907e+01 5.995694412201429259e+03
4.000000000000000222e-01 3.250000000000000000e+01 1.000000000000000021e-02 3.427651935327395222e+03 3.397398224670951805e+01 2.088521412659209545e+03 3.815066452795600327e+01 2.185936168211014774e+03
4.000000000000000222e-01 3.250000000000000000e+01 2.000000000000000042e-03 3.427651935327395222e+03 6.535596242585371307e+00 1.608135740125696600e+02 1.107205061913185418e+01 2.222088106133037968e+02
4.000000000000000222e-01 3.400000000000000000e+01 2.000000000000000042e-02 5.477808663484220233e+03 1.092815493544356542e+02 1.513519353295976543e+04 1.106642766765077965e+02 1.517367893894327244e+04
4.000000000000000222e-01 3.400000000000000000e+01 1.000000000000000021e-02 5.477808663484220233e+03 5.435373941434547618e+01 5.559040769865367110e+03 5.834841182913471869e+01 5.734513987072456985e+03
4.000000000000000222e-01 3.400000000000000000e+01 2.000000000000000042e-03 5.477808663484220233e+03 1.060029477793261954e+01 4.569022033580720290e+02 1.612942729339297543e+01 6.060414603036222161e+02
4.000000000000000222e-01 3.600000000000000000e+01 2.000000000000000042e-02 8.563130073356316643e+03 1.708275718450645684e+02 3.774476743637811887e+04 1.737217280813214870e+02 3.788146047240550979e+04
4.000000000000000222e-01 3.600000000000000000e+01 1.000000000000000021e-02 8.563130073356316643e+03 8.517171717171717660e+01 1.394329803081318278e+04 9.025494648070061032e+01 1.431667713657676541e+04
4.000000000000000222e-01 3.600000000000000000e+01 2.000000000000000042e-03 8.563130073356316643e+03 1.674623395086766564e+01 1.193093782879937635e+03 2.370945346615720695e+01 1.524097698113782371e+03
4.000000000000000222e-01 3.800000000000000000e+01 2.000000000000000042e-02 1.415963552377739688e+04 2.836822157434402243e+02 1.112909381635203026e+05 2.851071578066136567e+02 1.114436938332362770e+05
4.000000000000000222e-01 3.800000000000000000e+01 1.000000000000000021e-02 1.415963552377739688e+04 1.414014896439138909e+02 3.930106837447721045e+04 1.467467174925878908e+02 4.000232403094475740e+04
4.000000000000000222e-01 3.800000000000000000e+01 2.000000000000000042e-03 1.415963552377739688e+04 2.793371110959393633e+01 3.389112886436500503e+03 3.715993332549765427e+01 4.165656787848827662e+03
4.000000000000000222e-01 4.000000000000000000e+01 2.000000000000000042e-02 2.453742980191656170e+04 4.908850478967096933e+02 2.821596027793500689e+05 4.931443514644351467e+02 2.823440825099350768e+05
4.000000000000000222e-01 4.000000000000000000e+01 1.000000000000000021e-02 2.453742980191656170e+04 2.453589429650035640e+02 1.018151500090449117e+05 2.521508860228583444e+02 1.029209680061878025e+05
4.000000000000000222e-01 4.000000000000000000e+01 2.000000000000000042e-03 2.453742980191656170e+04 4.866059172453122983e+01 8.781647955584176088e+03 5.970678151517242327e+01 1.011559209559402916e+04
4.000000000000000222e-01 4.150000000000000000e+01 2.000000000000000042e-02 4.172855512565765821e+04 8.425576842982090966e+02 1.032629119642117876e+06 8.439637046307884702e+02 1.033165692049354548e+06
4.000000000000000222e-01 4.150000000000000000e+01 1.000000000000000021e-02 4.172855512565765821e+04 4.188608305274971713e+02 3.335256757650075597e+05 4.259005083514887247e+02 3.361329469434079365e+05
4.000000000000000222e-01 4.150000000000000000e+01 2.000000000000000042e-03 4.172855512565765821e+04 8.310005582306898475e+01 2.509640715984764392e+04 9.796744045110860100e+01 2.812987174600040817e+04
4.000000000000000222e-01 4.300000000000000000e+01 2.000000000000000042e-02 6.551339664336062560e+04 1.310164098292378185e+03 2.282446497853091452e+06 1.311256356815339814e+03 2.282917098516280763e+06
4.000000000000000222e-01 4.300000000000000000e+01 1.000000000000000021e-02 6.551339664336062560e+04 6.547734925007652009e+02 7.499335211869555060e+05 6.631636870931073418e+02 7.539790134049440967e+05
4.000000000000000222e-01 4.300000000000000000e+01 2.000000000000000042e-03 6.551339664336062560e+04 1.305772025011947619e+02 5.590935599514748901e+04 1.486639842346152705e+02 6.096473625232580525e+04
5.999999999999999778e-01 5.250000000000000000e+00 2.000000000000000042e-02 6.464970610162774634e+00 8.496459808413160675e-02 9.857027154970310345e-02 1.139664804469273651e+00 1.201585468618332903e-01
5.999999999999999778e-01 5.250000000000000000e+00 1.000000000000000021e-02 6.464970610162774634e+00 3.622079379655137460e-02 3.796976004512032932e-02 1.044117647058823595e+00 4.217128027681659591e-02
5.999999999999999778e-01 5.250000000000000000e+00 2.000000000000000042e-03 6.464970610162774634e+00 5.614435283392436339e-03 5.590945496097675903e-03 1.000715819613457347e+00 7.153072157383984870e-04
5.999999999999999778e-01 6.000000000000000000e+00 2.000000000000000042e-02 1.144944786807237591e+01 1.557684298209079665e-01 2.539536056838735956e-01 1.416666666666666741e+00 5.233585858585857453e-01
5.999999999999999778e-01 6.000000000000000000e+00 1.000000000000000021e-02 1.144944786807237591e+01 7.172737475767779203e-02 9.596731512553337284e-02 1.246453900709219909e+00 2.034448719883305556e-01
5.999999999999999778e-01 6.000000000000000000e+00 2.000000000000000042e-03 1.144944786807237591e+01 1.040156465235079347e-02 1.070300901422248201e-02 1.020086648286727016e+00 1.968317484733237907e-02
5.999999999999999778e-01 6.750000000000000000e+00 2.000000000000000042e-02 1.736787266658332740e+01 2.532278217409412724e-01 4.839806265645595906e-01 1.661202185792349795e+00 8.360357132192660634e-01
5.999999999999999778e-01 6.750000000000000000e+00 1.000000000000000021e-02 1.736787266658332740e+01 1.189674523007856338e-01 2.117420620974680701e-01 1.479695431472081157e+00 6.201461001314128030e-01
5.999999999999999778e-01 6.750000000000000000e+00 2.000000000000000042e-03 1.736787266658332740e+01 1.794771908546552094e-02 2.128823435812327372e-02 1.111138736946792660e+00 1.032623034770720205e-01
5.999999999999999778e-01 7.500000000000000000e+00 2.000000000000000042e-02 2.982310095245704673e+01 4.460641399416909736e-01 1.055920577310474506e+00 1.968750000000000000e+00 1.662626378676470562e+00
5.999999999999999778e-01 7.500000000000000000e+00 1.000000000000000021e-02 2.982310095245704673e+01 2.143658810325476949e-01 4.671581760994406030e-01 1.745016611295681086e+00 1.131827325305460041e+00
5.999999999999999778e-01 7.500000000000000000e+00 2.000000000000000042e-03 2.982310095245704673e+01 3.545768892494407382e-02 5.481080021558817905e-02 1.319139399372478705e+00 3.457818979441782958e-01
5.999999999999999778e-01 8.250000000000000000e+00 2.000000000000000042e-02 4.387680753222684160e+01 7.126197417742606843e-01 1.896587930788937504e+00 2.321573948439620061e+00 2.443401593242618741e+00
5.999999999999999778e-01 8.250000000000000000e+00 1.000000000000000021e-02 4.387680753222684160e+01 3.312927252321191673e-01 8.192319682860226271e-01 1.961933534743202312e+00 1.652327379268170082e+00
5.999999999999999778e-01 8.250000000000000000e+00 2.000000000000000042e-03 4.387680753222684160e+01 5.514435684997248677e-02 1.035088728000812253e-01 1.473441356368708988e+00 6.759498589656891543e-01
5.999999999999999778e-01 9.000000000000000000e+00 2.000000000000000042e-02 7.653792838643377650e+01 1.310703873386089180e+00 5.151276514141598817e+00 3.247678018575851588e+00 6.473227322540552997e+00
5.999999999999999778e-01 9.000000000000000000e+00 1.000000000000000021e-02 7.653792838643377650e+01 6.188144066931945408e-01 1.987337070034258968e+00 2.513468711147948564e+00 3.309909766633937434e+00
5.999999999999999778e-01 9.000000000000000000e+00 2.000000000000000042e-03 7.653792838643377650e+01 1.057104188336593087e-01 2.511535710919250430e-01 1.767644886172855978e+00 1.261973763088985789e+00
5.999999999999999778e-01 9.750000000000000000e+00 2.000000000000000042e-02 1.221478500265914420e+02 2.164931278633902334e+00 1.193781225058766182e+01 4.328059950041631687e+00 1.450353403803796581e+01
5.999999999999999778e-01 9.750000000000000000e+00 1.000000000000000021e-02 1.221478500265914420e+02 1.033670033670033739e+00 4.242106814497385692e+00 3.119150246305418595e+00 6.295840164618166312e+00
5.999999999999999778e-01 9.750000000000000000e+00 2.000000000000000042e-03 1.221478500265914420e+02 1.785494837370130983e-01 4.782023706833954946e-01 1.997887925223565286e+00 1.716033826112681959e+00
5.999999999999999778e-01 1.050000000000000000e+01 2.000000000000000042e-02 2.055447721289049525e+02 3.814244064972927895e+00 3.219789789794998569e+01 6.259740259740259383e+00 3.753335522986924389e+01
5.999999999999999778e-01 1.050000000000000000e+01 1.000000000000000021e-02 2.055447721289049525e+02 1.829405162738496182e+00 1.156400014611761762e+01 4.252846299810246755e+00 1.657648620597776556e+01
5.999999999999999778e-01 1.050000000000000000e+01 2.000000000000000042e-03 2.055447721289049525e+02 3.150951200999193014e-01 1.027774795973029898e+00 2.330788426118471701e+00 2.904392813117782968e+00
5.999999999999999778e-01 1.125000000000000000e+01 2.000000000000000042e-02 3.195901263541150570e+02 6.034568929612661670e+00 6.201588120734783871e+01 8.717809867629362941e+00 6.619894875326002648e+01
5.999999999999999778e-01 1.125000000000000000e+01 1.000000000000000021e-02 3.195901263541150570e+02 2.917049280685644508e+00 2.324799113000688067e+01 5.644619940769990407e+00 2.958979583285014314e+01
5.999999999999999778e-01 1.125000000000000000e+01 2.000000000000000042e-03 3.195901263541150570e+02 5.120903128903097068e-01 2.047107650624068853e+00 2.691638697148164727e+00 4.893408863444163259e+00
5.999999999999999778e-01 1.200000000000000000e+01 2.000000000000000042e-02 5.775716734231756391e+02 1.117451062057476108e+01 1.610428488338105524e+02 1.381565396498455200e+01 1.626168919255738956e+02
5.999999999999999778e-01 1.200000000000000000e+01 1.000000000000000021e-02 5.775716734231756391e+02 5.451382511988572155e+00 6.220478356973394796e+01 8.576083467094703039e+00 7.106250986141203896e+01
5.999999999999999778e-01 1.200000000000000000e+01 2.000000000000000042e-03 5.775716734231756391e+02 9.828876189252252482e-01 5.764451083105048390e+00 3.526309722782548395e+00 1.171224941568496369e+01
5.999999999999999778e-01 1.275000000000000000e+01 2.000000000000000042e-02 8.571629963010625488e+02 1.691128696376509666e+01 3.849713053408088399e+02 1.992345436702649764e+01 3.935279974883495129e+02
5.999999999999999778e-01 1.275000000000000000e+01 1.000000000000000021e-02 8.571629963010625488e+02 8.255484134272013108e+00 1.411646023597370743e+02 1.191634756995581768e+01 1.601393940235250284e+02
5.999999999999999778e-01 1.275000000000000000e+01 2.000000000000000042e-03 8.571629963010625488e+02 1.519773012959787284e+00 1.283893196240453882e+01 4.593093822065784870e+00 2.468607197942414189e+01
5.999999999999999778e-01 1.350000000000000000e+01 2.000000000000000042e-02 1.441362699156304643e+03 2.840941274468971400e+01 9.360543720416369524e+02 3.143364055299539217e+01 9.406363798339315281e+02
5.999999999999999778e-01 1.350000000000000000e+01 1.000000000000000021e-02 1.441362699156304643e+03 1.402418120599938867e+01 3.620772644683377166e+02 1.820543046357616035e+01 3.939075996491382057e+02
5.999999999999999778e-01 1.350000000000000000e+01 2.000000000000000042e-03 1.441362699156304643e+03 2.647704226087445267e+00 3.244276091309208709e+01 6.502105626510182645e+00 5.460965827159859742e+01
5.999999999999999778e-01 1.450000000000000000e+01 2.000000000000000042e-02 2.599556299966022834e+03 5.143940024989587556e+01 2.699544120256709448e+03 5.360503472222222143e+01 2.697107891318238671e+03
5.999999999999999778e-01 1.450000000000000000e+01 1.000000000000000021e-02 2.599556299966022834e+03 2.550035710641771303e+01 1.045303973956751861e+03 2.998908087353011709e+01 1.094691865413905816e+03
5.999999999999999778e-01 1.450000000000000000e+01 2.000000000000000042e-03 2.599556299966022834e+03 4.913791510877466351e+00 9.645444575954512345e+01 9.711243571020382603e+00 1.440360003203162762e+02
5.999999999999999778e-01 1.500000000000000000e+01 2.000000000000000042e-02 3.595052220472107820e+03 7.144314868804664798e+01 5.007833606745489305e+03 7.346252676659528902e+01 5.001034034728942061e+03
5.999999999999999778e-01 1.500000000000000000e+01 1.000000000000000021e-02 3.595052220472107820e+03 3.544975002550760479e+01 1.911202887653052130e+03 3.991762408088235503e+01 1.973732529465302605e+03
5.999999999999999778e-01 1.500000000000000000e+01 2.000000000000000042e-03 3.595052220472107820e+03 6.880639033578177965e+00 1.807623642986051493e+02 1.232101198095703865e+01 2.566563685129090118e+02
5.999999999999999778e-01 1.600000000000000000e+01 2.000000000000000042e-02 6.707832888663651829e+03 1.327496876301541135e+02 1.979069327874457304e+04 1.352852292020373568e+02 1.982567755771486554e+04
5.999999999999999778e-01 1.600000000000000000e+01 1.000000000000000021e-02 6.707832888663651829e+03 6.639689827568615499e+01 7.087092344220749510e+03 7.177983675270240838e+01 7.275271625210500133e+03
5.999999999999999778e-01 1.600000000000000000e+01 2.000000000000000042e-03 6.707832888663651829e+03 1.305663832675370806e+01 6.314553685715229676e+02 1.993730184525379201e+01 8.270415410479488401e+02
5.999999999999999778e-01 1.675000000000000000e+01 2.000000000000000042e-02 1.002128127052040691e+04 2.008400666389004527e+02 5.103406771578064217e+04 2.034670886075949454e+02 5.116708942316936736e+04
5.999999999999999778e-01 1.675000000000000000e+01 1.000000000000000021e-02 1.002128127052040691e+04 1.000074482195694259e+02 1.712197106991939654e+04 1.055765833692373974e+02 1.748747550077816413e+04
5.999999999999999778e-01 1.675000000000000000e+01 2.000000000000000042e-03 1.002128127052040691e+04 1.968073220589475625e+01 1.424705735514734215e+03 2.781432228257476424e+01 1.787273270667825045e+03
5.999999999999999778e-01 1.750000000000000000e+01 2.000000000000000042e-02 1.646609706879513033e+04 3.283719283631820076e+02 1.166656296826204343e+05 3.304362950544845035e+02 1.167169265787293698e+05
5.999999999999999778e-01 1.750000000000000000e+01 1.000000000000000021e-02 1.646609706879513033e+04 1.640862156922763120e+02 4.184900195365167747e+04 1.693743022643496658e+02 4.230202419481331162e+04
5.999999999999999778e-01 1.750000000000000000e+01 2.000000000000000042e-03 1.646609706879513033e+04 3.252064449540363000e+01 3.390015470327312869e+03 4.169759526261586302e+01 3.963981955082324930e+03
5.999999999999999778e-01 1.825000000000000000e+01 2.000000000000000042e-02 2.563801462884717694e+04 5.097434402332361287e+02 2.400294193915800424e+05 5.110204592901878868e+02 2.399781628382024355e+05
5.999999999999999778e-01 1.825000000000000000e+01 1.000000000000000021e-02 2.563801462884717694e+04 2.550385674931129358e+02 9.374346203667866939e+04 2.584935884177869525e+02 9.412030890408295090e+04
5.999999999999999778e-01 1.825000000000000000e+01 2.000000000000000042e-03 2.563801462884717694e+04 5.081684009301167748e+01 7.612594903739831352e+03 6.079937343237970993e+01 8.501092250734180197e+03
5.999999999999999778e-01 1.900000000000000000e+01 2.000000000000000042e-02 4.676093371682026918e+04 9.430491461890878782e+02 7.581421625159308314e+05 9.450171118530885224e+02 7.578645009592713322e+05
5.999999999999999778e-01 1.900000000000000000e+01 1.000000000000000021e-02 4.676093371682026918e+04 4.692382409958167386e+02 2.871297131626644405e+05 4.742708054037331067e+02 2.878223713380437111e+05
5.999999999999999778e-01 1.900000000000000000e+01 2.000000000000000042e-03 4.676093371682026918e+04 9.314953353600989772e+01 2.491559703884048213e+04 1.054191755294973234e+02 2.690402004226179633e+04
5.999999999999999778e-01 1.975000000000000000e+01 2.000000000000000042e-02 6.958374232012980792e+04 1.392265722615576806e+03 2.261956784035389777e+06 1.392845833333333303e+03 2.262091261232638732e+06
5.999999999999999778e-01 1.975000000000000000e+01 1.000000000000000021e-02 6.958374232012980792e+04 6.956405468829710799e+02 7.818458853838046780e+05 7.015819098579954698e+02 7.843551626157391584e+05
5.999999999999999778e-01 1.975000000000000000e+01 2.000000000000000042e-03 6.958374232012980792e+04 1.387439207071457474e+02 6.383668683001262252e+04 1.536483697803395216e+02 6.840424495794893301e+04
8.000000000000000444e-01 3.000000000000000000e+00 2.000000000000000042e-02 8.417310032269726960e+00 9.954185755935027191e-02 9.463119368734496106e-02 1.025751072961373467e+00 2.508795520271141569e-02
8.000000000000000444e-01 3.000000000000000000e+00 1.000000000000000021e-02 8.417310032269726960e+00 4.744413835322926210e-02 4.539725289927032392e-02 1.002155172413793149e+00 2.150527645659928901e-03
8.000000000000000444e-01 3.000000000000000000e+00 2.000000000000000042e-03 8.417310032269726960e+00 7.208806390335781820e-03 7.172903693275717654e-03 1.001115448968209698e+00 1.114204741809024296e-03
8.000000000000000444e-01 3.500000000000000000e+00 2.000000000000000042e-02 1.460627917201851389e+01 1.790920449812578030e-01 1.820035071462137166e-01 1.108247422680412431e+00 9.652991816346051523e-02
8.000000000000000444e-01 3.500000000000000000e+00 1.000000000000000021e-02 1.460627917201851389e+01 8.417508417508418050e-02 8.402770692332980906e-02 1.042983565107458821e+00 4.113597823811175613e-02
8.000000000000000444e-01 3.500000000000000000e+00 2.000000000000000042e-03 1.460627917201851389e+01 1.288348239565302936e-02 1.275765875829713326e-02 1.001561036528254789e+00 1.558599693212215417e-03
8.000000000000000444e-01 3.750000000000000000e+00 2.000000000000000042e-02 1.755086069521062342e+01 2.140774677217825994e-01 2.298892884593934927e-01 1.155056179775280967e+00 1.534856710011362479e-01
8.000000000000000444e-01 3.750000000000000000e+00 1.000000000000000021e-02 1.755086069521062342e+01 1.011121314151617184e-01 1.053767858144653152e-01 1.077173913043478315e+00 7.121810018903591832e-02
8.000000000000000444e-01 3.750000000000000000e+00 2.000000000000000042e-03 1.755086069521062342e+01 1.512443725125601872e-02 1.498404170791189233e-02 1.002929427430093279e+00 2.920845885025026827e-03
8.000000000000000444e-01 4.250000000000000000e+00 2.000000000000000042e-02 2.893582253850943786e+01 3.952519783423573685e-01 5.264081101845493604e-01 1.391495601173020624e+00 4.669657983677471536e-01
8.000000000000000444e-01 4.250000000000000000e+00 1.000000000000000021e-02 2.893582253850943786e+01 1.752882358942965124e-01 2.110860943509436927e-01 1.196378830083565381e+00 2.190955222259293456e-01
8.000000000000000444e-01 4.250000000000000000e+00 2.000000000000000042e-03 2.893582253850943786e+01 2.578704503194766129e-02 2.651965808912359890e-02 1.027853369617416357e+00 2.707755941837194577e-02
8.000000000000000444e-01 4.750000000000000000e+00 2.000000000000000042e-02 4.945499767728337304e+01 7.334443981674302337e-01 1.225907711298273917e+00 1.769849246231155693e+00 1.123915052650185542e+00
8.000000000000000444e-01 4.750000000000000000e+00 1.000000000000000021e-02 4.945499767728337304e+01 3.313947556371799052e-01 4.488960140486112915e-01 1.376854599406528212e+00 4.255940064127157196e-01
8.000000000000000444e-01 4.750000000000000000e+00 2.000000000000000042e-03 4.945499767728337304e+01 4.809217633664121527e-02 5.159455660165509355e-02 1.064066109827616957e+00 6.049478717027619717e-02
8.000000000000000444e-01 5.250000000000000000e+00 2.000000000000000042e-02 8.505671745522744231e+01 1.382757184506455683e+00 3.045083776525850716e+00 2.507552870090634656e+00 2.701604585573333939e+00
8.000000000000000444e-01 5.250000000000000000e+00 1.000000000000000021e-02 8.505671745522744231e+01 6.319763289460259559e-01 1.148815286043088912e+00 1.770726129216695144e+00 1.202436350952484245e+00
8.000000000000000444e-01 5.250000000000000000e+00 2.000000000000000042e-03 8.505671745522744231e+01 9.170244296207645529e-02 1.125138710985255364e-01 1.165475704369130172e+00 1.785181587604777464e-01
8.000000000000000444e-01 5.750000000000000000e+00 2.000000000000000042e-02 1.431110071824352303e+02 2.513952519783423600e+00 8.321442145184198225e+00 3.765439800374298152e+00 7.751594114123977697e+00
8.000000000000000444e-01 5.750000000000000000e+00 1.000000000000000021e-02 1.431110071824352303e+02 1.157739006223854616e+00 2.987464084927856867e+00 2.457656486896253156e+00 3.147059095340744683e+00
8.000000000000000444e-01 5.750000000000000000e+00 2.000000000000000042e-03 1.431110071824352303e+02 1.743607455391745498e-01 2.620228588305718032e-01 1.350798046109330741e+00 4.407999760467097849e-01
8.000000000000000444e-01 6.250000000000000000e+00 2.000000000000000042e-02 2.311501516842357091e+02 4.217409412744689945e+00 2.285569024845783659e+01 5.560680944535969061e+00 2.266586752093837376e+01
8.000000000000000444e-01 6.250000000000000000e+00 1.000000000000000021e-02 2.311501516842357091e+02 1.990409141924293523e+00 7.772992394586357712e+00 3.470556840419853906e+00 8.416363130597668274e+00
8.000000000000000444e-01 6.250000000000000000e+00 2.000000000000000042e-03 2.311501516842357091e+02 3.148139967309367959e-01 6.362185116134415619e-01 1.637983993982071507e+00 1.142927318798491187e+00
8.000000000000000444e-01 6.750000000000000000e+00 2.000000000000000042e-02 3.864767511720745574e+02 7.311120366513952362e+00 6.444006375935613562e+01 8.638779527559055538e+00 6.467266937658874326e+01
8.000000000000000444e-01 6.750000000000000000e+00 1.000000000000000021e-02 3.864767511720745574e+02 3.505152535455565932e+00 2.283726046290781753e+01 5.176133795389483261e+00 2.507504890661288499e+01
8.000000000000000444e-01 6.750000000000000000e+00 2.000000000000000042e-03 3.864767511720745574e+02 5.804354199380725721e-01 1.649877908891009826e+00 2.119255696647995624e+00 2.762795000134341983e+00
8.000000000000000444e-01 7.000000000000000000e+00 2.000000000000000042e-02 5.399045923706904659e+02 1.039358600583090464e+01 1.172299297061598367e+02 1.159618959107806724e+01 1.168485542540180688e+02
8.000000000000000444e-01 7.000000000000000000e+00 1.000000000000000021e-02 5.399045923706904659e+02 5.026119783695540910e+00 4.315103696922496823e+01 6.798371515318796909e+00 4.631802660555903373e+01
8.000000000000000444e-01 7.000000000000000000e+00 2.000000000000000042e-03 5.399045923706904659e+02 8.588760687708081321e-01 3.146280155728716554e+00 2.555089605734766955e+00 5.025961551110596837e+00
8.000000000000000444e-01 7.500000000000000000e+00 2.000000000000000042e-02 8.833230492559077902e+02 1.711328613077884242e+01 3.159388530497409988e+02 1.802939885914874907e+01 3.163348092481075469e+02
8.000000000000000444e-01 7.500000000000000000e+00 1.000000000000000021e-02 8.833230492559077902e+02 8.388327721661054781e+00 1.131831470963532098e+02 1.020277984611566069e+01 1.191529731610135343e+02
8.000000000000000444e-01 7.500000000000000000e+00 2.000000000000000042e-03 8.833230492559077902e+02 1.503785125360942221e+00 8.894657782576567584e+00 3.556885431212181814e+00 1.373578782399272313e+01
8.000000000000000444e-01 8.000000000000000000e+00 2.000000000000000042e-02 1.406822729356247692e+03 2.783548521449396063e+01 8.692336595833924093e+02 2.869600686990124672e+01 8.714120965495449127e+02
8.000000000000000444e-01 8.000000000000000000e+00 1.000000000000000021e-02 1.406822729356247692e+03 1.365574941332517156e+01 3.116915109193510034e+02 1.552308049176525095e+01 3.253264795850311657e+02
8.000000000000000444e-01 8.000000000000000000e+00 2.000000000000000042e-03 1.406822729356247692e+03 2.514435684997248899e+00 2.419961510568342433e+01 4.980407598319969154e+00 3.565125639489198761e+01
8.000000000000000444e-01 8.500000000000000000e+00 2.000000000000000042e-02 2.243513841857931311e+03 4.443815077051228712e+01 2.218575204243823919e+03 4.519102075391783302e+01 2.222139284049124399e+03
8.000000000000000444e-01 8.500000000000000000e+00 1.000000000000000021e-02 2.243513841857931311e+03 2.196663605754514847e+01 8.054604723998385225e+02 2.381845336873547936e+01 8.292544619955853022e+02
8.000000000000000444e-01 8.500000000000000000e+00 2.000000000000000042e-03 2.243513841857931311e+03 4.147332741635575637e+00 6.398183521769131943e+01 7.006560869535718439e+00 8.805843486039772472e+01
8.000000000000000444e-01 9.000000000000000000e+00 2.000000000000000042e-02 3.746350072050842300e+03 7.369970845481049082e+01 6.319063094458941123e+03 7.434999999999999432e+01 6.326470357142857210e+03
8.000000000000000444e-01 9.000000000000000000e+00 1.000000000000000021e-02 3.746350072050842300e+03 3.681063156820732729e+01 2.276811808202284737e+03 3.881452393760086039e+01 2.322976464687296811e+03
8.000000000000000444e-01 9.000000000000000000e+00 2.000000000000000042e-03 3.746350072050842300e+03 7.112573845084959601e+00 1.850170780139373505e+02 1.059968638529123020e+01 2.387639069184756693e+02
8.000000000000000444e-01 9.500000000000000000e+00 2.000000000000000042e-02 6.398744824527831952e+03 1.274847980008329813e+02 1.767180328826615005e+04 1.281251569694432817e+02 1.767852305486234036e+04
8.000000000000000444e-01 9.500000000000000000e+00 1.000000000000000021e-02 6.398744824527831952e+03 6.345434139373533355e+01 6.370291380244229913e+03 6.569997887175152584e+01 6.448196486371834908e+03
8.000000000000000444e-01 9.500000000000000000e+00 2.000000000000000042e-03 6.398744824527831952e+03 1.239097834948453958e+01 5.172405680851252328e+02 1.651880564731581202e+01 6.213630049157764006e+02
8.000000000000000444e-01 1.000000000000000000e+01 2.000000000000000042e-02 1.096895880288451735e+04 2.182478134110787096e+02 4.288506770138292632e+04 2.190689799331103700e+02 4.286653244912669470e+04
8.000000000000000444e-01 1.000000000000000000e+01 1.000000000000000021e-02 1.096895880288451735e+04 1.090089786756453378e+02 1.672581116313402526e+04 1.112334200937011985e+02 1.681968648330556607e+04
8.000000000000000444e-01 1.000000000000000000e+01 2.000000000000000042e-03 1.096895880288451735e+04 2.149715864594921300e+01 1.438633620908116427e+03 2.629561364295082981e+01 1.633577679408447239e+03
8.000000000000000444e-01 1.050000000000000000e+01 2.000000000000000042e-02 1.898424153560999548e+04 3.803486047480216712e+02 1.138197639391194825e+05 3.813014613778705666e+02 1.137415817723946384e+05
8.000000000000000444e-01 1.050000000000000000e+01 1.000000000000000021e-02 1.898424153560999548e+04 1.896359555147433866e+02 4.363292817970376927e+04 1.923641068101842393e+02 4.373584424262490211e+04
8.000000000000000444e-01 1.050000000000000000e+01 2.000000000000000042e-03 1.898424153560999548e+04 3.753168862775651604e+01 3.960389147878452604e+03 4.351547999869622174e+01 4.331418492122612406e+03
8.000000000000000444e-01 1.100000000000000000e+01 2.000000000000000042e-02 3.211725203927616894e+04 6.414094127446896891e+02 3.045580885244781384e+05 6.419441433930804806e+02 3.044687255169715500e+05
8.000000000000000444e-01 1.100000000000000000e+01 1.000000000000000021e-02 3.211725203927616894e+04 3.204717885930007242e+02 1.117741761503464804e+05 3.227439375256884659e+02 1.118333341442985984e+05
8.000000000000000444e-01 1.100000000000000000e+01 2.000000000000000042e-03 3.211725203927616894e+04 6.376342263685688039e+01 1.043155980779471611e+04 7.072922959042756474e+01 1.107846479402420664e+04
8.000000000000000444e-01 1.150000000000000000e+01 2.000000000000000042e-02 5.443567161759893497e+04 1.092259891711786850e+03 9.010239591118583921e+05 1.092714999999999918e+03 9.009020821083333576e+05
8.000000000000000444e-01 1.150000000000000000e+01 1.000000000000000021e-02 5.443567161759893497e+04 5.450395877971635628e+02 3.157701614773935871e+05 5.466570814572247627e+02 3.158230464469877188e+05
8.000000000000000444e-01 1.150000000000000000e+01 2.000000000000000042e-03 5.443567161759893497e+04 1.084536768928638821e+02 2.686506609987959746e+04 1.162073351779574608e+02 2.788469324091474846e+04
8.000000000000000444e-01 1.175000000000000000e+01 2.000000000000000042e-02 6.756205322826070187e+04 1.342511453561016197e+03 1.400592881272397703e+06 1.344190992493744716e+03 1.400087461436796701e+06
8.000000000000000444e-01 1.175000000000000000e+01 1.000000000000000021e-02 6.756205322826070187e+04 6.727259463320069699e+02 4.816438744915670250e+05 6.751369035429039513e+02 4.817422936678234255e+05
8.000000000000000444e-01 1.175000000000000000e+01 2.000000000000000042e-03 6.756205322826070187e+04 1.345860819836065048e+02 3.968035907938412129e+04 1.426452179983229200e+02 4.090685756756250339e+04
1.199999999999999956e+00 1.750000000000000000e+00 2.000000000000000042e-02 9.715004192492285640e+00 1.007913369429404432e-01 9.146542959592188216e-02 1.004149377593360981e+00 4.132160258948709870e-03
1.199999999999999956e+00 1.750000000000000000e+00 1.000000000000000021e-02 9.715004192492285640e+00 4.917865523926129995e-02 4.676011510811917821e-02 1.000000000000000000e+00 0.000000000000000000e+00
1.199999999999999956e+00 1.750000000000000000e+00 2.000000000000000042e-03 9.715004192492285640e+00 8.244946807442541173e-03 8.184999755841627228e-03 1.000487329434697870e+00 4.870919447199327512e-04
1.199999999999999956e+00 2.000000000000000000e+00 2.000000000000000042e-02 1.578116802459783763e+01 2.094960433152852908e-01 1.756032862192467847e-01 1.024439918533604832e+00 2.384260891567564419e-02
1.199999999999999956e+00 2.000000000000000000e+00 1.000000000000000021e-02 1.578116802459783763e+01 9.662279359249056898e-02 8.891931583184486954e-02 1.008519701810436597e+00 8.447116491497876425e-03
1.199999999999999956e+00 2.000000000000000000e+00 2.000000000000000042e-03 1.578116802459783763e+01 1.335737607479488102e-02 1.319502077170466026e-02 1.000601684717208117e+00 6.013226927092611002e-04
1.199999999999999956e+00 2.250000000000000000e+00 2.000000000000000042e-02 2.430734422074015910e+01 2.778009162848812941e-01 2.339470174252328283e-01 1.063795853269537517e+00 5.972594237514912419e-02
1.199999999999999956e+00 2.250000000000000000e+00 1.000000000000000021e-02 2.430734422074015910e+01 1.246811549841852912e-01 1.138291632087874289e-01 1.019182652210175233e+00 1.881467806435861007e-02
1.199999999999999956e+00 2.250000000000000000e+00 2.000000000000000042e-03 2.430734422074015910e+01 2.045373311753767923e-02 2.014782726668720367e-02 1.002756448119708654e+00 2.748850113471958123e-03
1.199999999999999956e+00 2.500000000000000000e+00 2.000000000000000042e-02 3.936314180572085064e+01 5.560183256976259925e-01 5.300772741331400972e-01 1.271428571428571352e+00 3.025170068027210335e-01
1.199999999999999956e+00 2.500000000000000000e+00 1.000000000000000021e-02 3.936314180572085064e+01 2.519130700948882806e-01 2.219188480701684285e-01 1.071149674620390346e+00 6.608739842180302859e-02
1.199999999999999956e+00 2.500000000000000000e+00 2.000000000000000042e-03 3.936314180572085064e+01 3.587134188216111602e-02 3.532354156934525147e-02 1.010407239819004488e+00 1.029892917835425331e-02
1.199999999999999956e+00 2.750000000000000000e+00 2.000000000000000042e-02 6.029179106798748933e+01 8.967097042898791726e-01 1.103866724974548186e+00 1.653609831029185795e+00 7.840077064471296930e-01
1.199999999999999956e+00 2.750000000000000000e+00 1.000000000000000021e-02 6.029179106798748933e+01 3.792470156106519941e-01 3.829546824788497839e-01 1.207994800129996715e+00 2.186816145325973515e-01
1.199999999999999956e+00 2.750000000000000000e+00 2.000000000000000042e-03 6.029179106798748933e+01 5.362227460933891715e-02 5.239350600767110622e-02 1.015592910930250170e+00 1.534977205897152842e-02
1.199999999999999956e+00 3.000000000000000000e+00 2.000000000000000042e-02 9.775554397551128716e+01 1.620158267388588147e+00 2.572921424347518915e+00 2.376298106291997669e+00 1.976909203741068488e+00
1.199999999999999956e+00 3.000000000000000000e+00 1.000000000000000021e-02 9.775554397551128716e+01 7.166615651464136594e-01 8.687041288043658716e-01 1.530616692089779907e+00 6.094897264679419724e-01
1.199999999999999956e+00 3.000000000000000000e+00 2.000000000000000042e-03 9.775554397551128716e+01 9.061007787117321410e-02 8.754043326360373689e-02 1.029194416567831505e+00 2.834210260909533763e-02
1.199999999999999956e+00 3.250000000000000000e+00 2.000000000000000042e-02 1.509287680069784017e+02 2.598084131611828607e+00 6.010475296545361168e+00 3.514366197183098617e+00 4.910075302519341989e+00
1.199999999999999956e+00 3.250000000000000000e+00 1.000000000000000021e-02 1.509287680069784017e+02 1.175900418324660857e+00 1.942327076707303979e+00 2.094692838967648019e+00 1.535380776244611889e+00
1.199999999999999956e+00 3.250000000000000000e+00 2.000000000000000042e-03 1.509287680069784017e+02 1.524652511435697078e-01 1.542556423692496015e-01 1.084406866805678549e+00 8.653711070265415750e-02
1.199999999999999956e+00 3.500000000000000000e+00 2.000000000000000042e-02 2.456728206675570618e+02 4.464806330695543224e+00 1.492098131401239947e+01 5.469387755102040671e+00 1.278375676801332794e+01
1.199999999999999956e+00 3.500000000000000000e+00 1.000000000000000021e-02 2.456728206675570618e+02 2.090296908478726845e+00 4.831658732373872667e+00 3.107386622175034141e+00 4.022140189822550838e+00
1.199999999999999956e+00 3.500000000000000000e+00 2.000000000000000042e-03 2.456728206675570618e+02 2.898422094690382700e-01 3.484676684045849293e-01 1.256196477059110306e+00 2.963525039018130025e-01
1.199999999999999956e+00 3.750000000000000000e+00 2.000000000000000042e-02 3.677253497190512803e+02 6.878384006663890382e+00 3.526800838398411742e+01 7.932276657060518765e+00 3.231193612326874387e+01
1.199999999999999956e+00 3.750000000000000000e+00 1.000000000000000021e-02 3.677253497190512803e+02 3.281195796347311511e+00 1.160259406032719021e+01 4.482715361025927159e+00 1.046520165943228520e+01
1.199999999999999956e+00 3.750000000000000000e+00 2.000000000000000042e-03 3.677253497190512803e+02 4.907088726551299129e-01 7.679919156022972926e-01 1.560159352375601660e+00 7.732396441549389543e-01
1.199999999999999956e+00 4.000000000000000000e+00 2.000000000000000042e-02 5.887570377541535436e+02 1.119991670137442696e+01 8.908956267527707951e+01 1.212945421741091501e+01 8.520877160108392445e+01
1.199999999999999956e+00 4.000000000000000000e+00 1.000000000000000021e-02 5.887570377541535436e+02 5.439853076216712324e+00 2.923301636449645358e+01 6.716553287981859022e+00 2.751880132249422672e+01
1.199999999999999956e+00 4.000000000000000000e+00 2.000000000000000042e-03 5.887570377541535436e+02 8.904020465781261606e-01 1.930598960852032864e+00 2.116451563633586552e+00 1.994085373393733152e+00
1.199999999999999956e+00 4.500000000000000000e+00 2.000000000000000042e-02 1.412168611512136295e+03 2.780674718867138751e+01 4.851713164079731087e+02 2.827784836933502888e+01 4.800693483565082147e+02
1.199999999999999956e+00 4.500000000000000000e+00 1.000000000000000021e-02 1.412168611512136295e+03 1.367074788286909559e+01 1.743220593223159369e+02 1.499239118272350879e+01 1.713603538771875776e+02
1.199999999999999956e+00 4.500000000000000000e+00 2.000000000000000042e-03 1.412168611512136295e+03 2.473773197698001081e+00 1.167932247608469964e+01 4.209270382746673533e+00 1.256787622951656758e+01
1.199999999999999956e+00 4.750000000000000000e+00 2.000000000000000042e-02 2.139114667410258335e+03 4.225822573927530357e+01 1.039839192020678411e+03 4.293779094371561911e+01 1.027382080096794880e+03
1.199999999999999956e+00 4.750000000000000000e+00 1.000000000000000021e-02 2.139114667410258335e+03 2.090562187531884675e+01 3.944880828726323898e+02 2.242241190632523384e+01 3.890997472140057880e+02
1.199999999999999956e+00 4.750000000000000000e+00 2.000000000000000042e-03 2.139114667410258335e+03 3.897566676439050415e+00 2.808462349809541436e+01 5.922329149147805616e+00 3.068310686705001444e+01
1.199999999999999956e+00 5.000000000000000000e+00 2.000000000000000042e-02 3.445190954621061337e+03 6.820491461890878782e+01 2.528203740944396941e+03 6.863369656328583801e+01 2.514668839394933457e+03
1.199999999999999956e+00 5.000000000000000000e+00 1.000000000000000021e-02 3.445190954621061337e+03 3.392337516579940626e+01 8.784968324405180056e+02 3.537805916152372987e+01 8.647041663970106811e+02
1.199999999999999956e+00 5.000000000000000000e+00 2.000000000000000042e-03 3.445190954621061337e+03 6.480961923847694983e+00 7.077922578624182393e+01 8.820369591001263387e+00 7.569368791154441567e+01
1.199999999999999956e+00 5.250000000000000000e+00 2.000000000000000042e-02 5.153103107761836327e+03 1.020345689296126608e+02 6.115960904114470395e+03 1.024613132580510211e+02 6.097815211826169616e+03
1.199999999999999956e+00 5.250000000000000000e+00 1.000000000000000021e-02 5.153103107761836327e+03 5.092378328741965277e+01 2.039765540874982435e+03 5.256492890995260581e+01 2.019235357696367601e+03
1.199999999999999956e+00 5.250000000000000000e+00 2.000000000000000042e-03 5.153103107761836327e+03 9.873365970417790294e+00 1.631324973625777091e+02 1.252574462231370411e+01 1.737333544556255447e+02
1.199999999999999956e+00 5.500000000000000000e+00 2.000000000000000042e-02 8.247454288264223578e+03 1.633973344439816628e+02 1.581987544478985546e+04 1.636017514595496323e+02 1.580622380010169763e+04
1.199999999999999956e+00 5.500000000000000000e+00 1.000000000000000021e-02 8.247454288264223578e+03 8.168023671053974510e+01 5.178053041715215841e+03 8.296693957923100982e+01 5.152868738079157083e+03
1.199999999999999956e+00 5.500000000000000000e+00 2.000000000000000042e-03 8.247454288264223578e+03 1.603545367287681600e+01 3.896133148661083396e+02 1.903094257606954898e+01 4.053877121978006244e+02
1.199999999999999956e+00 5.750000000000000000e+00 2.000000000000000042e-02 1.233324025246102428e+04 2.462628071636817992e+02 3.640042614272374340e+04 2.463654166666666754e+02 3.639031355399305903e+04
1.199999999999999956e+00 5.750000000000000000e+00 1.000000000000000021e-02 1.233324025246102428e+04 1.228550147944087314e+02 1.226555749168685543e+04 1.239936154875913843e+02 1.223805350676142734e+04
1.199999999999999956e+00 5.750000000000000000e+00 2.000000000000000042e-03 1.233324025246102428e+04 2.420828028803097354e+01 8.536872469094587359e+02 2.767611718954458411e+01 8.800017110058485059e+02
1.199999999999999956e+00 6.000000000000000000e+00 2.000000000000000042e-02 2.006548432539507121e+04 3.994964598084131353e+02 8.568630663053243188e+04 3.994964598084131353e+02 8.568630663053243188e+04
1.199999999999999956e+00 6.000000000000000000e+00 1.000000000000000021e-02 2.006548432539507121e+04 1.997735945311702892e+02 3.066809739886386160e+04 2.008185641025640962e+02 3.061866585024589222e+04
1.199999999999999956e+00 6.000000000000000000e+00 2.000000000000000042e-03 2.006548432539507121e+04 3.964141107867036595e+01 2.125990188608895096e+03 4.357985942480728170e+01 2.165574265568455303e+03
1.199999999999999956e+00 6.250000000000000000e+00 2.000000000000000042e-02 3.040817945746976693e+04 6.032057476051645608e+02 1.897125424242744921e+05 6.034570833333333439e+02 1.896399189914930612e+05
1.199999999999999956e+00 6.250000000000000000e+00 1.000000000000000021e-02 3.040817945746976693e+04 3.026302418120599782e+02 6.987406448284124781e+04 3.040573039466939917e+02 6.976964909965082188e+04
1.199999999999999956e+00 6.250000000000000000e+00 2.000000000000000042e-03 3.040817945746976693e+04 6.031383408098762544e+01 5.017046150158998898e+03 6.485748649360633067e+01 5.100307937373040659e+03
1.199999999999999956e+00 6.500000000000000000e+00 2.000000000000000042e-02 4.955143432789449434e+04 9.811291128696376518e+02 4.789932611307831830e+05 9.811291128696376518e+02 4.789932611307831830e+05
1.199999999999999956e+00 6.500000000000000000e+00 1.000000000000000021e-02 4.955143432789449434e+04 4.925932047750229685e+02 1.625542343748023559e+05 4.942067765380284641e+02 1.622892699673859170e+05
1.199999999999999956e+00 6.500000000000000000e+00 2.000000000000000042e-03 4.955143432789449434e+04 9.852622680230200558e+01 1.274950594164628819e+04 1.039940358358519603e+02 1.288843267789029414e+04
1.199999999999999956e+00 6.750000000000000000e+00 2.000000000000000042e-02 7.358606046346653602e+04 1.472582257392753036e+03 1.235501673471122282e+06 1.472582257392753036e+03 1.235501673471122282e+06
1.199999999999999956e+00 6.750000000000000000e+00 1.000000000000000021e-02 7.358606046346653602e+04 7.358327721661055421e+02 3.959570361099459114e+05 7.376390508335890672e+02 3.955966262872447842e+05
1.199999999999999956e+00 6.750000000000000000e+00 2.000000000000000042e-03 7.358606046346653602e+04 1.467087280773972680e+02 2.947660086474058699e+04 1.529380094532757823e+02 2.977548922630495872e+04
1.800000000000000044e+00 1.500000000000000000e+00 2.000000000000000042e-02 1.622235561517619118e+01 2.011661807580174821e-01 1.723601560574250513e-01 1.029850746268656803e+00 2.895967921586099780e-02
1.800000000000000044e+00 1.500000000000000000e+00 1.000000000000000021e-02 1.622235561517619118e+01 8.978675645342311384e-02 8.294945967972529310e-02 1.006864988558352492e+00 6.817860490446091964e-03
1.800000000000000044e+00 1.500000000000000000e+00 2.000000000000000042e-03 1.622235561517619118e+01 1.385536604270665509e-02 1.366339487452927076e-02 1.000000000000000000e+00 0.000000000000000000e+00
1.800000000000000044e+00 1.500000000000000000e+00 2.000000000000000042e-02 1.622235561517619118e+01 2.011661807580174821e-01 1.723601560574250513e-01 1.029850746268656803e+00 2.895967921586099780e-02
1.800000000000000044e+00 1.500000000000000000e+00 1.000000000000000021e-02 1.622235561517619118e+01 8.978675645342311384e-02 8.294945967972529310e-02 1.006864988558352492e+00 6.817860490446091964e-03
1.800000000000000044e+00 1.500000000000000000e+00 2.000000000000000042e-03 1.622235561517619118e+01 1.385536604270665509e-02 1.366339487452927076e-02 1.000000000000000000e+00 0.000000000000000000e+00
1.800000000000000044e+00 1.750000000000000000e+00 2.000000000000000042e-02 3.280203303114518576e+01 4.244064972927946711e-01 3.217533441310462816e-01 1.100431965442764559e+00 9.034538576006792554e-02
1.800000000000000044e+00 1.750000000000000000e+00 1.000000000000000021e-02 3.280203303114518576e+01 1.796755433119069378e-01 1.596358910547630294e-01 1.035273368606701938e+00 3.402915807383767588e-02
1.800000000000000044e+00 1.750000000000000000e+00 2.000000000000000042e-03 3.280203303114518576e+01 2.925691061481680913e-02 2.854552152871297002e-02 1.002476950598596428e+00 2.470815314328507137e-03
1.800000000000000044e+00 2.000000000000000000e+00 2.000000000000000042e-02 5.840192878331702531e+01 9.033735943356934195e-01 8.361443872910790942e-01 1.507296733842946601e+00 4.848320947148361260e-01
1.800000000000000044e+00 2.000000000000000000e+00 1.000000000000000021e-02 5.840192878331702531e+01 3.656769717375777939e-01 3.107247967852791448e-01 1.120000000000000107e+00 1.068500000000000283e-01
1.800000000000000044e+00 2.000000000000000000e+00 2.000000000000000042e-03 5.840192878331702531e+01 5.283914522431636812e-02 5.054515992419175013e-02 1.004581201801939327e+00 4.865627845451905506e-03
1.800000000000000044e+00 2.250000000000000000e+00 2.000000000000000042e-02 1.175960383325003846e+02 1.926697209496043284e+00 3.102498421020950747e+00 2.569999999999999840e+00 2.485099999999999643e+00
1.800000000000000044e+00 2.250000000000000000e+00 1.000000000000000021e-02 1.175960383325003846e+02 8.487909397000306111e-01 1.006418546335623443e+00 1.604745370370370461e+00 6.896456913365912600e-01
1.800000000000000044e+00 2.250000000000000000e+00 2.000000000000000042e-03 1.175960383325003846e+02 1.221641680153894988e-01 1.165091231486614920e-01 1.038120264828339412e+00 3.919253512342996126e-02
1.800000000000000044e+00 2.500000000000000000e+00 2.000000000000000042e-02 2.084268135766726573e+02 3.693877551020408045e+00 9.017909204498126385e+00 4.286611889801836384e+00 7.924136853237076394e+00
1.800000000000000044e+00 2.500000000000000000e+00 1.000000000000000021e-02 2.084268135766726573e+02 1.705846342209978550e+00 2.952041118721698165e+00 2.480563798219584726e+00 2.370987219223556153e+00
1.800000000000000044e+00 2.500000000000000000e+00 2.000000000000000042e-03 2.084268135766726573e+02 2.329669358757595343e-01 2.416890736052587918e-01 1.143733117766517537e+00 1.448803322518600056e-01
1.800000000000000044e+00 2.750000000000000000e+00 2.000000000000000042e-02 4.198190891169866745e+02 7.997917534360682978e+00 3.764972494280375059e+01 8.538461538461538325e+00 3.557888976297157768e+01
1.800000000000000044e+00 2.750000000000000000e+00 1.000000000000000021e-02 4.198190891169866745e+02 3.781654933170084831e+00 1.284325492878114083e+01 4.614541832669322829e+00 1.182851363470421013e+01
1.800000000000000044e+00 2.750000000000000000e+00 2.000000000000000042e-03 4.198190891169866745e+02 5.711824450504214834e-01 9.505768119513727799e-01 1.618142307779825595e+00 9.988248375999987383e-01
1.800000000000000044e+00 2.750000000000000000e+00 2.000000000000000042e-02 4.198190891169866745e+02 7.997917534360682978e+00 3.764972494280375059e+01 8.538461538461538325e+00 3.557888976297157768e+01
1.800000000000000044e+00 2.750000000000000000e+00 1.000000000000000021e-02 4.198190891169866745e+02 3.781654933170084831e+00 1.284325492878114083e+01 4.614541832669322829e+00 1.182851363470421013e+01
1.800000000000000044e+00 2.750000000000000000e+00 2.000000000000000042e-03 4.198190891169866745e+02 5.711824450504214834e-01 9.505768119513727799e-01 1.618142307779825595e+00 9.988248375999987383e-01
1.800000000000000044e+00 3.000000000000000000e+00 2.000000000000000042e-02 7.452333809553784931e+02 1.461099541857559281e+01 1.013472177096833065e+02 1.500470487596236069e+01 9.817063654677691886e+01
1.800000000000000044e+00 3.000000000000000000e+00 1.000000000000000021e-02 7.452333809553784931e+02 7.039179675543311809e+00 3.588194623044499565e+01 7.811480978260869179e+00 3.378590532481933195e+01
1.800000000000000044e+00 3.000000000000000000e+00 2.000000000000000042e-03 7.452333809553784931e+02 1.159123858940325436e+00 2.656957981940098357e+00 2.301637174140144459e+00 2.646189952775931165e+00
1.800000000000000044e+00 3.250000000000000000e+00 2.000000000000000042e-02 1.492399767192681566e+03 2.919075385256143207e+01 4.317520344587784393e+02 2.969788135593220346e+01 4.241921989011778464e+02
1.800000000000000044e+00 3.250000000000000000e+00 1.000000000000000021e-02 1.492399767192681566e+03 1.440057137026833978e+01 1.466537452097058178e+02 1.518450779989241539e+01 1.427335738701650882e+02
1.800000000000000044e+00 3.250000000000000000e+00 2.000000000000000042e-03 1.492399767192681566e+03 2.588684382793643213e+00 1.115837236443612568e+01 3.937527107016975947e+00 1.166137511055669407e+01
1.800000000000000044e+00 3.500000000000000000e+00 2.000000000000000042e-02 2.644632053468511913e+03 5.197875885047896816e+01 1.229319415535766211e+03 5.234941275167785335e+01 1.218682021467219784e+03
1.800000000000000044e+00 3.500000000000000000e+00 1.000000000000000021e-02 2.644632053468511913e+03 2.585368839914294625e+01 4.219375766926202687e+02 2.663079348397267410e+01 4.139251684192534526e+02
1.800000000000000044e+00 3.500000000000000000e+00 2.000000000000000042e-03 2.644632053468511913e+03 4.855020662567619993e+00 3.121945793759338272e+01 6.331599731841702550e+00 3.136526316268570369e+01
1.800000000000000044e+00 3.500000000000000000e+00 2.000000000000000042e-02 2.644632053468511913e+03 5.197875885047896816e+01 1.229319415535766211e+03 5.234941275167785335e+01 1.218682021467219784e+03
1.800000000000000044e+00 3.500000000000000000e+00 1.000000000000000021e-02 2.644632053468511913e+03 2.585368839914294625e+01 4.219375766926202687e+02 2.663079348397267410e+01 4.139251684192534526e+02
1.800000000000000044e+00 3.500000000000000000e+00 2.000000000000000042e-03 2.644632053468511913e+03 4.855020662567619993e+00 3.121945793759338272e+01 6.331599731841702550e+00 3.136526316268570369e+01
1.800000000000000044e+00 3.750000000000000000e+00 2.000000000000000042e-02 5.421575458455062289e+03 1.069579341940857944e+02 5.359592982654560728e+03 1.070024999999999977e+02 5.357057493749999594e+03
1.800000000000000044e+00 3.750000000000000000e+00 1.000000000000000021e-02 5.421575458455062289e+03 5.347484950515253388e+01 1.804765233180595942e+03 5.440745354510536913e+01 1.785499817796684511e+03
1.800000000000000044e+00 3.750000000000000000e+00 2.000000000000000042e-03 5.421575458455062289e+03 1.038029967751133498e+01 1.282879527473305927e+02 1.213789945760642475e+01 1.286761914223268661e+02
1.800000000000000044e+00 4.000000000000000000e+00 2.000000000000000042e-02 9.654515073035518071e+03 1.907321949187838470e+02 1.511946389060090769e+04 1.909708090075062614e+02 1.509281065747728462e+04
1.800000000000000044e+00 4.000000000000000000e+00 1.000000000000000021e-02 9.654515073035518071e+03 9.556994184266910963e+01 5.220708122116809136e+03 9.632671740024680673e+01 5.189150865777397485e+03
1.800000000000000044e+00 4.000000000000000000e+00 2.000000000000000042e-03 9.654515073035518071e+03 1.882328183420949941e+01 3.718445583373188015e+02 2.089703108907624340e+01 3.694752394567871079e+02
1.800000000000000044e+00 4.250000000000000000e+00 2.000000000000000042e-02 1.964627350540815678e+04 3.948200749687630378e+02 7.360294805180611729e+04 3.951492288453522406e+02 7.353424450857580814e+04
1.800000000000000044e+00 4.250000000000000000e+00 1.000000000000000021e-02 1.964627350540815678e+04 1.966530966227935835e+02 2.297647531155162869e+04 1.975804202972834389e+02 2.290160058024364480e+04
1.800000000000000044e+00 4.250000000000000000e+00 2.000000000000000042e-03 1.964627350540815678e+04 3.884201268267998586e+01 1.560090320669089579e+03 4.152031218473506158e+01 1.556460449486336984e+03
1.800000000000000044e+00 4.500000000000000000e+00 2.000000000000000042e-02 3.486562822140187927e+04 7.019737609329446286e+02 2.247253066834397614e+05 7.019737609329446286e+02 2.247253066834397614e+05
1.800000000000000044e+00 4.500000000000000000e+00 1.000000000000000021e-02 3.486562822140187927e+04 3.495726966636057682e+02 7.128204085844579095e+04 3.501800899427636864e+02 7.119319855698291212e+04
1.800000000000000044e+00 4.500000000000000000e+00 2.000000000000000042e-03 3.486562822140187927e+04 6.930367749527110277e+01 4.606218622103998314e+03 7.234021102582697438e+01 4.588376142820874520e+03
1.800000000000000044e+00 4.500000000000000000e+00 2.000000000000000042e-02 3.486562822140187927e+04 7.019737609329446286e+02 2.247253066834397614e+05 7.019737609329446286e+02 2.247253066834397614e+05
1.800000000000000044e+00 4.500000000000000000e+00 1.000000000000000021e-02 3.486562822140187927e+04 3.495726966636057682e+02 7.128204085844579095e+04 3.501800899427636864e+02 7.119319855698291212e+04
1.800000000000000044e+00 4.500000000000000000e+00 2.000000000000000042e-03 3.486562822140187927e+04 6.930367749527110277e+01 4.606218622103998314e+03 7.234021102582697438e+01 4.588376142820874520e+03
1.800000000000000044e+00 4.750000000000000000e+00 2.000000000000000042e-02 7.063357500467778300e+04 1.411795501874219099e+03 9.935559952484049136e+05 1.411795501874219099e+03 9.935559952484049136e+05
1.800000000000000044e+00 4.750000000000000000e+00 1.000000000000000021e-02 7.063357500467778300e+04 7.054051627384960739e+02 3.279664277215350885e+05 7.057652102899143074e+02 3.278797168215258862e+05
1.800000000000000044e+00 4.750000000000000000e+00 2.000000000000000042e-03 7.063357500467778300e+04 1.407519046108248517e+02 1.988608275331922050e+04 1.443389151322211035e+02 1.987512705109291710e+04
1.800000000000000044e+00 5.000000000000000000e+00 2.000000000000000042e-02 1.255025082609737437e+05 2.503213244481466063e+03 2.819974442656736821e+06 2.503213244481466063e+03 2.819974442656736821e+06
1.800000000000000044e+00 5.000000000000000000e+00 1.000000000000000021e-02 1.255025082609737437e+05 1.252622385470870313e+03 9.653275785581703531e+05 1.252878048780487916e+03 9.652042893426158698e+05
1.800000000000000044e+00 5.000000000000000000e+00 2.000000000000000042e-03 1.255025082609737437e+05 2.504238737997036139e+02 6.156518450624620891e+04 2.541669519919782942e+02 6.153403071247100161e+04
1.800000000000000044e+00 5.250000000000000000e+00 2.000000000000000042e-02 2.580391666403983254e+05 5.131259475218658736e+03 1.249272422630026564e+07 5.131259475218658736e+03 1.249272422630026564e+07
1.800000000000000044e+00 5.250000000000000000e+00 1.000000000000000021e-02 2.580391666403983254e+05 2.572539638812365865e+03 4.107054554111857899e+06 2.572802142857142826e+03 4.106798270342347212e+06
1.800000000000000044e+00 5.250000000000000000e+00 2.000000000000000042e-03 2.580391666403983254e+05 5.152830350078914989e+02 2.767433386967311963e+05 5.196531123054429600e+02 2.768194542091388721e+05
