# # A, D_1, D_2, D_0
2.999999999999999889e-01 1.753598933747505084e+00 1.673260714086258982e+00 2.013936161679231063e+00
4.071428571428571397e-01 1.739898685239722242e+00 1.657036153799502864e+00 2.013936161679231063e+00
5.142857142857142350e-01 1.760880573851386188e+00 1.684660884466385067e+00 2.013936161679231063e+00
6.214285714285714413e-01 1.780688618804076695e+00 1.705595010858002025e+00 2.013936161679231063e+00
7.285714285714285365e-01 1.804888649872596451e+00 1.740846358040877284e+00 2.013936161679231063e+00
8.357142857142856318e-01 1.829753325474434256e+00 1.768575795195038269e+00 2.013936161679231063e+00
9.428571428571428381e-01 1.850319469397356587e+00 1.793650298363699269e+00 2.013936161679231063e+00
1.050000000000000044e+00 1.866109253867340945e+00 1.814769116148260197e+00 2.013936161679231063e+00
1.157142857142857029e+00 1.873554824934899443e+00 1.825894435717054565e+00 2.013936161679231063e+00
1.264285714285714235e+00 1.887559218814049089e+00 1.840629436751617831e+00 2.013936161679231063e+00
1.371428571428571441e+00 1.889455781842611870e+00 1.847671978653120162e+00 2.013936161679231063e+00
1.478571428571428648e+00 1.904388875545361071e+00 1.869559967020359315e+00 2.013936161679231063e+00
1.585714285714285632e+00 1.922032048007055849e+00 1.894436056203101737e+00 2.013936161679231063e+00
1.692857142857142838e+00 1.938102216987652504e+00 1.916229658453369122e+00 2.013936161679231063e+00
1.800000000000000044e+00 1.951165693278140933e+00 1.933468613182766749e+00 2.013936161679231063e+00
