# #D_1,\gamma_2,\omega_2
1.673422812172335128e+00 4.584401099301326776e-01 -1.016910655176630662e+01
1.639893319618203504e+00 3.968787083394803572e-01 -1.048938054614471760e+01
1.681050465935826521e+00 4.471240653613376415e-01 -1.024360162446499345e+01
1.694659007320439059e+00 4.131357396540457083e-01 -1.036587227825848423e+01
1.722185001355997613e+00 4.379464762615100648e-01 -1.031488145885788654e+01
1.753298685487186148e+00 5.635133970382560920e-01 -1.007283830868188090e+01
1.787753783522218587e+00 5.507071299862266178e-01 -1.045683054011129087e+01
1.807836296233327200e+00 6.055271019675445565e-01 -1.020779805300919563e+01
1.821430345657805372e+00 5.990235107036874229e-01 -1.060308983745884071e+01
1.830374206890857725e+00 5.721537598338894970e-01 -1.050139760646734111e+01
1.841367351125831275e+00 5.680486028728529702e-01 -1.078048303530966123e+01
1.869358361796959356e+00 6.174348823034409017e-01 -1.040027370682618724e+01
1.892421350542801362e+00 5.186878529949707772e-01 -1.061369256664169214e+01
1.901962132247107418e+00 6.733565447870704102e-01 -9.922069144239278771e+00
1.911408732706695535e+00 6.324686441353440935e-01 -1.040514767320258827e+01
